[ 2060.179688] [Project1] 3556 1587966666.294153540 1587966667.170386086
[ 2061.859877] [Project1] 3557 1587966667.991276279 1587966668.850529153
[ 2063.562932] [Project1] 3558 1587966669.674737710 1587966670.553599395
[ 2065.248418] [Project1] 3559 1587966671.401954203 1587966672.239074908
[ 2066.937506] [Project1] 3560 1587966673.090820841 1587966673.928138352
[ 2068.634650] [Project1] 3561 1587966674.757934761 1587966675.625241881
[ 2070.338301] [Project1] 3562 1587966676.482498620 1587966677.328917845
[ 2072.030615] [Project1] 3563 1587966678.178767894 1587966679.021187176
[ 2073.783507] [Project1] 3564 1587966679.850081025 1587966680.774064828
[ 2075.441304] [Project1] 3565 1587966681.606823377 1587966682.431879438
